7892840800239
7896132108591
7898182801088
7891172145124
7896058504217
7898188001017
7896223705272
7896223705197
7896223705180
7896223706033
7896104998953
7893694029319
7891035128103
6926168008846
4005808309535
4005808323401
4005808310999
4005808309436
7891528038643
7896104997635
7896094924611
7893000024205
7891700201704
7891025103233
7896213113186
7891025126409
7891025111122
7891108030272
7891175016193
7891175012454
7896020900603
7891035502231
7896079563989
7896256601169
7891206012149
7896102506051
7896423975123
7891300926052
7891095150120
7896009730207
7896348841657
7896348841480
4891138834140
4891138833822
7891962005911
7891962005966
7896522023756
7896522023619
7898168290028
7891792212008
7891515944247
7891224726578
7891360473176
7891172422133
7891691086410
7896359010172
7891515939243
7896067720738
7896419701552
7896072077070
7896072048117
7896096500011
7892999933529
7896079500151
7893000018815
7891035060007
7898148645244
7898148645503
7896007510597
7501007480862
7590002028407
7896018100602
7891024195604
7896034680522
7891350031584
7891350031621
7896256600025
7730108002103
7896022201982
7896279102070
7891035524608
7891035523502
7896183904760
7896519210329
7891515020699
7891164016111
7891164005825
7893333354307
7891691097683
7891691097188
7896007200368
7891035502699
7896048953513
7896048953346
7896048953407
7896048929068
7896048929020
7896261002661
7896261002685
7896261002692
7896261002715
7894321615363
7891177804293
7896016601194
7891095100559
7896020900207
3605530314053
7896007800896
7891048046654
7896183900847
7891048046548
7891048046616
7891089063429
7622300242572
7893333321613
7891048046555
7622300243449